11811,18010,3566,5782,6230,4684,6892,12563,7503,4917,4651,6232,11646,6922,11690,11022,8491,16874,16482,12594,3625,11773,17465,
8221,11993,6681,5879,6138,16588,9319,5103,3539,10189,19572,19461,9290,12424,18603,18798,19060,18501,4287,5747,6114,9144,10012,7549,5087,15564,8533,9938,11344,3961,5108,10553,16153,19493,
13739,8281,10147,13212,6658,3823,13234,11734,9219,9754,17267,9838,12300,19537,19575,11086,6536,7849,9162,18857,17205,19546,19060,15020,16176,14272,5127,19438,13207,6332,11293,3526,8427,16133,11137,19455,19167,6785,
19270,6959,9007,17350,12908,11859,13317,13237,9503,8019,4712,7123,9758,4728,8865,4969,7591,10214,5495,11160,17250,14689,19609,17884,16866,13018,15842,18666,11564,7370,13270,3779,
11617,13354,5442,5505,11864,11926,5781,19695,9727,11433,13139,11659,10917,15322,5983,18810,15219,8308,15143,17021,6215,11265,12622,17449,10665,12593,3891,9192,16417,18127,11897,7995,18375,3873,11282,18692,3505,12905,11376,15033,9864,19608,8684,7680,11477,10613,4426,4483,8965,19437,10813,8564,17141,9173,
11232,4103,13243,3549,15088,14322,16597,15148,16495,4862,17032,12939,17216,9258,3368,12444,13090,13245,12018,10026,3902,6762,14953,10364,18133,19599,10536,4742,13695,14020,4276,14801,17856,3748,6548,8670,16279,7805,13602,19089,9763,5483,13439,10247,3682,5511,4968,12157,19347,19792,14264,7223,5610,18288,3374,5820,7270,13593,10682,4277,17015,
12689,13392,18526,14909,3752,5942,15200,16592,19325,14480,16082,9135,16134,8756,14050,19345,5520,6251,9201,12152,10415,7489,9358,17592,6721,9614,17162,5785,14993,11401,12122,13257,14392,17364,16604,17090,11411,18911,8077,9628,11180,6979,8010,12419,17825,16670,17003,18806,7748,5122,12526,3836,13428,6853,
8267,13023,5272,14857,18967,6346,7508,19144,9494,7192,18554,5641,3757,8469,9090,5510,11650,12937,3924,9389,15418,18796,13459,15791,11337,9494,6817,15819,
18472,11003,4559,13092,7707,18325,7302,18095,7964,15518,5824,19517,19175,18833,4464,13896,5295,13729,
15043,7200,3798,6182,19912,12320,6039,11583,12639,19757,15473,4491,11930,12627,13055,18642,11405,9333,11584,13835,8120,4153,4312,4472,12624,8118,14511,14171,9265,9538,
13794,14460,18194,14047,14710,10201,11057,10035,17186,12344,10516,9721,19270,11104,16306,16472,3466,18163,15883,14696,13510,8559,8610,9222,5261,10997,3863,4671,6807,14497,14587,7173,17733,5682,4478,12374,10558,5494,7877,9695,15517,12828,11084,7495,3907,16298,5661,12122,16530,7097,18198,13994,3577,19518,
5783,9423,6797,10353,17442,7314,7654,15815,10845,5994,10839,6518,11544,4497,4228,15491,10281,4542,18268,14607,
5006,5931,12356,17337,6763,7825,19218,12112,16394,16217,6239,12073,13390,14708,4903,12651,12850,18182,
10068,7176,6074,17589,10727,3829,8878,11525,3619,12618,18915,14420,11529,8528,6580,13650,15176,15188,15201,5488,13486,19022,8576,5643,19744,17359,14975,16325,17675,12575,5312,9985,17648,
9683,15479,13224,5873,5692,7244,6566,9165,12631,4359,5233,11331,5732,4670,14451,11207,15100,6467,10262,9160,13783,10578,3896,11927,7064,4739,16995,11950,10476,5350,7763,10934,10782,4409,18541,3600,4181,14096,13008,15887,10011,11448,16239,10551,13625,5854,11873,18894,
9531,7759,17724,8983,7075,11630,11074,15421,11541,12385,4614,13041,11054,13919,13320,15317,10561,
11060,8789,13924,16022,15509,10262,14139,10666,14581,18497,8185,3642,7872,13757,14302,10701,19949,
15531,5378,6810,18021,10705,18137,13307,10507,18269,5027,8103,6462,12497,19002,9107,5583,4737,8313,6066,3820,14958,3529,19423,11395,13615,14180,15015,10684,19069,6223,19425,8931,9981,5242,14020,11784,18247,3737,16276,15528,15118,17463,18914,8952,12996,9971,8614,7501,6389,9177,4371,17647,11034,12984,14934,9960,13070,12457,4353,16649,10813,15168,12966,12815,11448,19760,18513,
12087,16061,12651,12178,9835,13265,9646,17734,14378,16228,19422,9068,5814,13352,19491,14046,8601,15227,3729,17497,16822,16147,18727,15238,13667,12098,8621,10766,12912,10923,18129,17692,17350,10014,10298,9931,4086,15978,13901,11825,14790,10640,17083,4664,9351,6610,9980,13921,9274,9395,14201,19961,
10672,7435,4663,6107,10060,15145,11467,13004,15370,11921,10889,17731,9125,13905,4104,11491,18878,3564,6004,13562,19639,8487,7448,9340,
4847,14982,3675,8008,6184,19524,6665,12256,13969,16003,4758,6014,8051,10089,17825,17166,18113,9373,7369,6173,19363,9969,8486,6979,12607,16886,8317,8529,11680,13608,17989,8653,11001,13804,6784,5682,5209,11066,
19423,4284,19231,14369,15803,6303,10954,8156,8309,11310,4205,12416,9029,9794,4861,14702,3613,4995,19974,10593,15110,19628,16062,12497,11649,16507,6952,19261,6772,6736,16534,3599,7219,10839,9866,8893,13565,4457,13893,5471,16014,5331,17344,9304,7629,5451,
6510,12915,11345,9330,5125,3647,15816,18637,15046,7772,17337,5004,18413,16373,10122,15433,12553,9673,8390,16002,11261,9309,4162,4781,18862,14197,6316,18333,15518,3573,5950,5526,5103,17468,10752,6346,8344,18135,10927,3720,17556,19816,17797,13455,19720,7718,12360,3409,5309,9724,14352,18980,7639,16427,7716,4038,9706,8056,12134,11218,13621,
15400,5817,5117,4284,7342,7327,10483,10815,18206,14991,13361,14294,14159,16127,17925,4680,13401,9769,8183,7772,13004,17984,9683,16679,11258,3599,19157,6085,
15894,17971,5577,8325,15719,6214,4741,16669,12920,5434,16170,19167,18450,6266,16599,10280,3961,11215,15518,16253,14557,14684,7534,11042,13343,7946,3789,5028,6962,13108,19254,4407,18811,13913,11211,4308,3607,11935,4791,18070,9775,14248,18722,5787,5623,13203,4579,12723,14079,10188,18735,18781,13544,18212,12457,13163,12007,8001,18326,11678,4481,11260,
10800,18003,9392,17127,15554,14826,17633,6135,15887,3739,11273,18808,14371,16825,8658,8798,16417,8230,12675,17121,15244,9670,13307,11569,7571,3573,14106,9405,4705,5150,5595,12514,19321,6213,15774,14402,15817,15214,9609,11543,13445,18444,19785,5485,19765,7517,7389,13724,10425,12385,19616,9236,9489,
8701,16372,11713,4304,16924,10482,16871,3771,8879,12392,16496,8759,15004,8574,10119,16371,5222,7800,
18966,15167,14241,9026,5485,8894,16512,6372,13039,6995,10825,4198,8057,12425,11799,4175,4741,10377,17829,6691,6558,5858,4481,7847,15962,12660,8450,4240,3774,14041,11657,9374,15434,3372,15674,18791,8403,7325,14746,3454,15838,16892,
14370,17780,7740,6630,5735,10368,14596,12061,8107,12953,12893,6816,11596,8556,17424,11894,17401,16627,3981,7464,16277,17709,8562,13934,16389,18845,9885,14801,19717,16468,13219,9343,17733,3455,9312,17716,10379,12114,7778,12140,12403,11643,12689,13735,12828,13671,14514,11032,18537,14683,8530,4747,7840,4791,7373,13814,10660,6432,9376,
3642,9153,8937,9195,6634,6440,9833,14711,12501,6183,6260,10058,10874,9234,8131,11574,12565,9780,12362,15521,
4566,17619,7469,15292,14201,16620,6954,17682,18240,7256,4461,10290,19591,8487,19599,5231,12029,10815,16567,7443,13809,14399,9134,19644,14534,8328,10103,4846,7747,10648,15123,13266,9629,13629,17630,12454,19713,4881,10693,11764,4029,6702,16052,10875,5698,13020,16798,17327,17856,3968,11040,19986,16645,10277,18601,
3900,4592,18278,15747,11564,7568,12565,14958,7004,14685,7407,14024,4736,19156,5511,7758,6586,5414,13342,9077,10778,18894,16775,14657,13587,6702,7871,7298,6725,4487,6241,12326,18411,16335,4076,8338,5560,10869,6996,9835,12674,3697,3467,7263,7083,7779,8475,4977,4106,11172,6714,7042,7370,13920,6686,9112,12453,17980,6525,8738,
16472,4297,15888,16124,17016,9883,18551,11263,7654,8697,7658,15286,13464,3912,10677,11034,4623,14627,12546,11906,11266,7803,8413,6609,9601,18682,14485,13011,13307,17642,17695,13261,5628,4438,18012,4737,11831,13089,6967,5014,17426,8516,9054,5672,11639,10030,6313,15499,6220,3432,7561,19682,18274,18411,6305,6966,11661,
8168,17282,5076,14957,10021,19517,15713,15179,5183,6515,7635,7398,17667,17912,6129,18417,3669,8518,13006,11033,8159,15672,10927,14032,19258,16470,13193,10004,12539,15075,3686,4895,9621,8468,8906,5689,6263,9356,
12407,18569,5558,5783,3907,7687,18743,19219,14892,17035,19660,13044,9933,13391,3533,4231,4930,16131,13927,7990,10807,13624,3606,12420,3729,8077,13085,4199,18879,12662,6445,9922,18021,4103,12752,5232,10322,15204,13784,17531,13445,7854,14423,
11733,7229,5221,13865,4627,11974,16874,18139,16331,18356,12658,18442,8706,14939,13189,12460,5064,11004,14432,17963,14518,19087,4949,14576,16639,17620,15351,17666,12134,6602,18301,11091,5896,
12867,15648,13230,9878,5045,11420,14238,13010,8966,8684,8402,18849,4781,14797,17443,10318,13251,16185,18604,7612,6138,19991,16194,18915,9297,10268,11240,14175,8837,16536,11697,10752,11378,10851,10646,13206,15766,15141,6635,13805,4821,10593,8507,
12708,15176,10487,16354,13644,11454,14966,6186,6228,6607,6389,7245,16426,14972,13083,11195,6978,19465,5230,5139,9212,11133,
19745,18521,11104,12962,19022,12780,14456,13148,18134,7100,3600,10163,9209,7157,8514,16573,3592,19372,11534,15360,13257,8625,3993,6834,17919,13450,8982,6697,8013,14561,12215,17425,19293,13936,
3780,4719,17961,14879,14418,18799,18673,5339,13081,13863,18053,7206,9473,16861,15619,12182,17847,19827,17329,14849,12369,17262,16381,7958,13613,7678,19410,14111,8812,9979,18607,16766,14926,4209,6884,17367,19549,18067,6637,6232,
8296,5288,15219,11467,13052,19263,15110,11951,15436,17073,17806,14404,15686,15194,14703,14841,14201,11262,9914,19430,7647,10531,10789,18310,14726,11143,4005,14716,4711,8953,
7518,13948,12908,15492,16193,9588,14209,15756,15381,16976,12042,19604,5673,17167,18572,19978,7342,10566,13790,13772,14949,11084,18913,9396,5629,8859,16264,6279,6307,13263,15355,8335,11138,4368,16281,3498,9592,16774,9736,6793,10946,16834,17489,17744,5300,
10120,7622,9524,9107,6390,4485,7179,5984,17695,14674,11926,17993,18586,19758,15083,10825,9590,8767,15960,10811,5662,19944,18887,19681,4652,5459,8659,8507,9810,17857,15246,5822,14695,18534,14442,6957,19667,11754,8909,8712,11072,15709,5074,11643,3482,12232,5049,
7607,15267,10670,13043,4898,9215,15172,5609,12571,18297,19432,5583,18139,16797,11043,19036,14650,14082,19309,14457,17008,14908,12809,8766,4724,17769,9306,6486,15822,14180,5855,5373,16731,16395,11793,9084,6376,9965,16811,5640,13490,19254,11064,
19652,7725,8968,15224,11324,17106,10953,7697,6710,14997,12369,16059,10248,8155,17366,8200,14931,4836,9139,6885,19822,17206,7380,7582,6099,
11452,3376,19214,3421,7706,13157,15503,4725,11793,6017,9823,19994,3923,5509,12172,8010,17854,16044,5926,8945,10909,11212,12230,3781,16588,11313,6038,16445,11307,4282,8574,6024,18536,13992,
14442,16459,7063,13807,19441,14401,13917,16780,19115,7104,11624,14843,15644,10900,6156,8881,19257,6888,11642,13551,15461,16646,5627,16800,14282,11765,14541,8440,13060,10297,9774,13527,10845,13960,6678,7614,6858,5129,3401,17344,
3482,5617,16724,5679,9386,8393,13755,4416,10964,16906,9855,13638,17421,18274,13928,18871,17731,16592,18962,9590,11933,8952,16978,11016,14361,11854,4518,5342,6167,17995,12828,7662,14912,12497,5323,4229,9872,8776,10716,13595,
18038,6600,15248,10969,15889,4162,18261,13567,12532,13510,7667,18697,6829,6465,3546,6201,5683,8149,14460,9450,8021,11452,7919,3594,6374,14835,11708,6257,19233,18897,3985,7300,15873,13535,3659,4543,11911,17094,12243,19377,4477,19447,7692,10664,6833,12007,17182,5940,18012,
18338,12670,9785,7934,17248,14924,7255,16132,15312,19000,14521,17844,12686,12334,11982,4427,19984,8109,9182,17503,9343,9183,19692,17720,10038,8142,5805,4689,11184,17679,13284,8889,8084,13060,5107,14610,15240,11056,14061,11423,8826,
10274,18793,9454,16375,4699,10600,12632,5692,3994,16740,4006,6912,3692,17127,16058,9123,15653,10934,3594,15386,15263,14829,14494,10042,18853,10311,6423,7976,12915,17855,9330,13790,13851,19133,9676,
15292,11199,6849,19048,6367,15081,16370,6824,16194,16509,7258,16697,12570,6989,11976,18296,13088,15600,10160,
11786,7798,18934,16434,16834,5818,18742,5211,4315,10484,8144,8733,17386,14454,6721,9487,16466,16417,16568,16719,12761,3425,6256,
6384,16555,11252,13953,18574,18363,13333,7394,9162,15367,4727,8632,10958,13687,19545,15434,16521,17291,4752,7958,13003,13762,14522,14666,8051,17395,11306,5635,9138,12642,9941,6156,7318,11251,5826,13696,
4511,9541,5797,6017,6827,16419,16039,15568,6428,13121,17100,10550,7326,11364,15179,6241,
13080,9717,15017,5610,16519,3638,5727,19364,4281,4523,4765,11444,19869,8117,16797,9644,8085,14663,15706,4660,11010,7169,3478,13940,7738,8790,15515,13306,7681,19283,12112,4941,19671,15125,9839,8353,6868,17674,4269,5393,4505,18111,9055,6437,6132,11031,11025,17167,13752,10338,12821,17211,3922,6064,8109,11044,8842,6641,18575,18321,5664,7212,5063,13360,4298,
9904,12952,4965,18557,15273,7527,10513,17252,16561,13139,13702,14731,16038,18674,15842,19513,12946,4531,9560,6789,17973,13149,
3784,15506,16679,14445,3945,5545,11796,14107,3527,19758,17958,10302,12040,16446,4398,7754,7491,7228,8089,8951,18049,9053,17878,9025,6827,3910,19993,12497,4680,10109,
7678,10173,15350,3467,4410,11593,5112,4236,10688,11572,16944,16067,4560,12801,17771,15747,10680,7410,6710,5029,
15360,11776,18439,17175,17546,18106,11189,9802,3771,4384,13343,8390,15582,5051,6681,19840,6806,15960,12083,10211,16380,16195,15148,13741,16009,11789,7569,14603,9323,12996,6834,12271,13416,17309,13814,7656,7319,15755,7982,5745,6846,13441,5781,11529,4792,
4072,6761,15869,19290,17683,10918,5487,5058,17378,4598,8433,5797,9233,6811,4390,11554,10226,15918,12211,18604,17247,11761,14436,17112,19629,15691,11754,12674,15579,19472,19134,17398,18366,9751,14261,18771,13110,13509,17827,19914,5722,19321,8390,
16406,19179,7002,12978,5729,3621,5691,14924,8079,14227,15149,13603,7246,5046,16101,3996,10039,14914,16129,17344,16604,12533,18400,14786,3770,8439,6129,13297,15688,18080,15806,14000,17055,11534,8032,19193,11194,7374,15735,4470,16148,19449,14596,11643,5061,7843,15186,6570,
13989,3860,10808,16317,15416,12889,18363,17539,8197,18639,6820,4213,3937,17416,19278,17909,13274,8640,13164,12595,8157,3421,5723,6696,13273,7929,13284,4475,15049,15885,
16791,18431,17329,3911,15403,14350,14553,3584,10880,5220,8488,11757,11446,4227,7700,11174,18225,7552,15959,8599,4698,5531,16322,11037,17830,12638,14810,7323,4675,5730,17732,17014,16335,14656,16294,17933,16541,4360,11168,14140,4194,12890,7366,6349,10346,
9508,9604,19460,6277,3534,4538,17623,19899,4695,10062,3535,12131,4736,11321,17907,17027,13510,15949,18231,17180,
11777,11962,3903,10258,11353,8424,4176,3828,4495,17323,17071,8051,15364,3440,10107,16805,12991,8449,3908,4993,4538,8564,3994,10717,5180,16673,15393,6447,5954,
14270,3935,6756,13678,15903,12277,13031,12129,18464,3943,16303,6976,7673,11036,4328,8575,13493,3561,4548,9391,13730,9858,8226,16191,7741,18169,11927,5685,9946,3760,18454,11133,16973,7800,8742,5474,17003,16721,12013,7305,10968,14631,6245,15310,17490,10367,17351,8130,19622,15789,
17991,16191,9881,6022,12747,5415,12204,5448,10161,19740,18510,10660,11541,16363,7198,5357,8477,11597,19939,8961,3826,19864,16844,5227,3547,5703,5707,13723,11993,4002,17367,8427,17959,6556,17563,11400,18552,13581,
14363,18597,10445,3466,13954,13517,7648,14953,18043,15661,15344,10109,6402,17997,15005,18628,10817,18395,16465,10848,18699,14582,16536,17121,6132,17440,16938,16437,18390,17659,4704,12745,16466,4495,19168,19192,9370,12366,15362,6863,8687,19521,12793,9270,12903,
8966,15209,14606,11979,4865,8153,19762,12824,16252,8055,5667,17367,11631,19452,12220,10100,3826,8197,3716,9582,9813,10044,5321,3617,18135,6629,18376,19346,17706,5985,6432,7677,11327,16728,9641,5357,13683,19487,17082,9245,
18326,14181,7535,7801,16373,16251,11789,19070,12998,10703,13757,17360,18196,6733,12710,18105,4396,5576,15515,8327,5205,18619,5413,17160,15588,
9331,4975,12420,18646,16135,8439,4525,17578,19577,17633,13947,3542,10654,5802,5090,8271,11453,19387,8499,3768,13780,13666,5376,7596,5165,3888,19824,7959,18265,18123,18374,
10605,7874,8097,12716,4087,5629,4633,19012,16220,12555,7292,4224,18262,16902,7629,8835,17033,5913,17667,12331,18592,5366,16414,11761,11816,11871,4064,5329,13183,8961,19503,9225,11257,5574,15451,9080,5315,17333,
3485,12984,5929,11459,16460,16259,3543,10205,9461,6561,12119,12622,15745,15979,14359,16716,16919,6776,12537,4801,5648,8468,11288,12613,14465,15133,4363,10873,7915,4957,13626,6796,5894,9732,9740,13179,16619,6140,7504,16030,5804,15502,14161,12820,8000,17115,4412,6264,8116,12038,9447,5677,7957,15988,5530,9618,7026,11050,13063,14112,6155,15320,
14849,9889,8748,9349,7221,16349,19429,17666,14891,14838,5192,4842,8494,6260,3627,10375,17124,18655,9718,11999,19262,14405,10616,12105,15107,13051,6130,18340,4644,13697,10649,5153,16705,13591,15206,17663,13533,19030,4835,14895,13034,4271,19077,16613,5349,8027,17546,14762,19732,15416,19037,9687,11329,13986,14835,15116,15398,14079,4506,6801,9788,12746,7806,16826,
16234,7589,10459,4456,3408,5300,8391,12125,3522,9808,8616,11556,19894,8240,8230,4483,15765,19205,17841,8396,18386,3997,15555,10837,12196,13555,18538,5387,17356,18413,19471,4214,19295,6406,18762,7359,4825,10343,7516,4690,14468,15198,11658,15906,14097,7026,19794,19558,
15155,13507,12467,17048,16541,11405,4105,5991,11135,10493,10361,6458,10917,10094,4017,4978,7865,10752,7590,6415,12544,8637,7247,10956,14666,8428,8602,7548,10513,13478,13589,8245,12639,12826,13635,6090,5454,5618,6049,15969,4789,
13826,17058,7254,13309,10185,15133,9009,13977,9626,15205,13832,7730,19794,19489,18688,15142,10569,10968,11368,17089,7988,8300,8613,12495,9414,12122,11549,11899,11865,13086,14307,9456,15470,6171,17471,12986,18201,8527,8344,8162,4186,6383,10779,14673,6831,5678,5690,18817,12805,17759,14398,17925,10361,4256,3786,5947,
12259,15552,9998,19073,11719,16304,17447,17902,5307,4977,14933,14564,14870,18687,10895,7169,15147,18889,4149,4866,16248,18401,9259,16592,10282,11322,15180,7080,9641,3793,15202,12672,8004,11987,11046,5723,17051,10250,3450,12097,8705,9200,12220,15240,10407,8923,7440,7906,19017,13368,7720,11721,15722,12661,4305,14491,9037,5837,8868,11900,10404,8909,13228,5829,
16651,14250,5330,4198,8231,15426,16066,16654,11498,7635,5032,17659,7161,6322,5484,8416,10948,8245,18224,10396,4219,5086,12363,13976,15589,3907,16567,14654,10974,8606,6239,10379,15475,3547,13307,5988,4138,11674,17309,13130,10969,19884,3469,14826,14157,8027,5328,15040,14144,18483,3430,8877,14324,12046,15734,19087,9610,11906,14001,12954,16634,
14386,3848,7983,8540,3404,15530,10665,17612,11216,10068,4366,11005,11761,6543,11274,16682,11305,18395,18743,4177,11316,15047,15368,8976,11326,13677,14685,9946,19165,12664,18633,6721,
4636,8143,5669,12734,12875,17789,16182,8209,17420,13348,8615,19280,10512,17721,10795,5571,18713,14414,17147,16512,5734,3712,17542,4269,6326,10202,12678,5030,19074,6939,7449,3549,8708,11426,4311,4264,4217,8887,13558,14160,6690,4509,14526,12925,3766,10072,17389,14082,
13093,15586,5570,19909,16559,12910,5371,6186,8163,17988,17307,19893,5477,7747,8604,16250,16100,15951,10717,17640,3927,17033,10808,4387,7662,8579,4230,18162,8789,6991,10384,7374,11492,15089,14034,11822,4546,9532,9591,9651,17750,3414,9442,3582,16097,16980,14158,3822,16385,14966,11356,7746,13735,7767,7317,6485,9374,13148,13389,
18364,7227,14417,13146,13430,11920,6130,8027,16436,3810,14857,8971,10361,18829,16902,5764,18461,13659,5656,9802,4456,9307,8047,10781,4672,8937,14941,7009,12454,11079,12796,18219,10225,9578,5517,8848,7998,7148,17363,16812,18019,16480,18829,13201,5617,9285,12954,8101,5478,19307,17477,9307,6506,5480,4455,19957,16767,6870,16275,10477,10223,11018,
5937,3461,6385,7072,13692,14363,12157,16161,4807,9419,6578,14379,8458,17807,11208,11817,12426,17676,5809,17191,18151,19111,5548,5260,18233,7033,11987,7865,15486,11057,14740,18423,6388,12326,18265,19043,3834,17967,17759,10055,3768,4808,7110,15786,3820,7629,18305,12308,8600,
17592,13433,4261,16727,10185,14078,4048,12278,6342,7908,4492,16332,10177,6722,10718,6111,11824,13906,15585,4459,7655,17629,16477,10475,4778,6031,6302,9434,15385,8094,18610,4235,13106,13066,18957,18894,4471,17386,4899,10894,13375,9287,19744,
19872,17983,10558,7252,13694,10636,3586,8394,13708,17121,3464,10222,17183,8324,16075,13841,5385,14274,12138,16646,7117,17006,16931,16857,14180,6860,4627,19562,3366,
4035,14407,17783,13465,6043,16375,11656,8065,19398,10540,7002,13551,18398,12544,19183,10512,14083,11013,
8621,12675,16066,4873,14172,14303,10810,8038,9330,12611,17871,11768,10583,11587,12592,11584,18956,6464,10051,19861,13804,7079,7881,13448,19016,17966,16917,16042,6091,12389,19976,19489,6695,5982,3863,14855,7048,14469,18298,13093,15552,9117,7065,5014,11318,4753,11866,4947,6914,7320,
3541,7047,15723,10769,5839,7702,11932,13065,6344,12354,16375,12265,8155,6494,19836,7042,9065,10216,6339,14453,10927,14740,18268,18808,9083,
14912,17047,6627,19307,8768,3608,9656,10041,14386,5242,3621,14970,5939,5103,6581,19521,5934,4501,18788,
8016,7690,10073,14284,8796,19477,4525,16489,9592,6796,17037,16734,11807,9487,4915,15689,12802,9915,11429,8980,9840,13066,13911,17111,11333,11280,4734,12877,8150,5881,3613,9126,10088,13179,15678,6482,7196,7910,18286,15168,10228,7008,8225,
11320,10899,12763,5766,6202,17921,9531,15455,7625,10757,14308,17859,8009,14388,18779,15881,9002,11890,14778,13947,13116,10628,19246,13590,8459,13701,7544,7892,4726,11376,18026,18580,19134,8628,14217,19987,6369,6237,8665,11093,9519,16128,11167,19464,16251,4974,
4149,13407,6275,17109,9521,4535,16021,17106,10483,14017,14250,14484,7154,6395,19955,11500,6185,5686,7881,18594,4726,3908,10113,8550,13996,16787,19579,4859,10517,8573,6629,9129,14202,8242,11904,19886,12163,19754,5493,10708,11519,12331,19410,17390,9017,16141,7625,6735,3621,13157,8548,14149,19751,8039,9021,16741,10223,14978,6989,17501,10981,10020,12021,11178,6967,
14075,16253,12613,16717,9236,12585,10620,3475,15389,10496,5370,19014,8250,13255,6306,4589,13161,7395,19411,7494,11165,12750,18714,5437,9735,14034,19052,7233,7360,13467,6347,14382,14135,7639,10029,12419,7600,14047,15005,15443,7051,5152,
