-5911918838
-19496351228
4247619501
-13156302816
10451205410
1899788075
-827860174
-292988331
-3581197797
185841053
3694626583
-5627736282
-5721734805
-5967931759
-2276915492
8491986973
1075365974
-3273784483
-5792580111
-16751976874
-14350393443
-6457451476
7087224246
557080432
1210379200
20969184262
-5129548909
-6178382412
4789250521
-661577073
-18279148115
-8273947063
-4633064919
4603069371
-10561970655
-154092949
2754892138
-8820529737
2048295007
9702405024
-8810294171
-1256614425
5263852527
10178023422
24092877462
7465516046
-6254813872
-10235106337
-2932281851
8969027720
-259988658
-18236102423
12645618355
-426202940
11684474731
-9328410243
-11033063601
3568736901
19334883842
7685329177
-6556047989
12734855406
-8361526225
1441286346
-6709491381
2864982493
3096087044
-735397332
-7855069077
-9653119779
-442607990
1937849682
919951986
-5455320083
-1716165549
-3855102525
-1382779454
5593989489
-13848019082
-12441588690
-4288323207
-4149233099
9067855910
-3725703394
18887868646
-5465130329
945032719
-15460532883
-455175404
-7468936241
-1042109635
10574983436
-7946340266
1875594540
3879941627
9115973733
-5363240719
